0 16842
1 15785
2 15388
3 16152
4 17265
5 18067
6 17839
7 16828
8 16108
9 14925
10 14950
11 15985
12 17369
13 18999
14 19194
15 17824
16 15560
17 14590
18 14878
19 15620
20 17659
21 19169
22 20022
23 18985
24 15522
25 14684
26 14783
27 15790
28 17540
29 19375
30 20293
31 18867
32 16143
33 14995
34 15252
35 16146
36 17538
37 19069
38 19389
39 18116
40 16872
41 15905
42 15699
43 16139
44 17618
45 18348
46 18432
47 17535
48 15949
49 17030
50 17517
51 16622
52 15587
53 14987
54 15148
55 15962
56 16669
57 18158
58 18121
59 16803
60 15504
61 14401
62 14291
63 15158
64 17299
65 18681
66 18229
67 17225
68 15280
69 14305
70 13864
71 14409
72 17346
73 18529
74 18373
75 17023
76 15370
77 14192
78 13737
79 14478
80 16632
81 18056
82 17697
83 16628
84 15372
85 14361
86 14185
87 14954
88 15923
89 16891
90 17130
91 16636
92 15310
93 14799
94 14745
95 15374
