0 168
1 16
2 192
3 90
4 169
5 116
6 128
7 100
8 168
9 9
10 192
11 222
12 168
13 27
14 1
15 180
16 169
17 111
18 1
19 180
20 170
21 59
22 65
23 180
24 168
25 197
26 2
27 48
28 168
29 148
30 130
31 162
32 169
33 111
34 130
35 166
36 169
37 219
38 130
39 168
40 169
41 7
42 3
43 28
44 169
45 93
46 195
47 58
48 169
49 156
50 67
51 58
52 169
53 173
54 3
55 88
56 169
57 146
58 195
59 166
60 168
61 163
62 195
63 240
64 168
65 186
66 67
67 240
68 170
69 96
70 68
71 0
72 168
73 159
74 196
75 26
76 168
77 115
78 196
79 98
80 168
81 148
82 132
83 126
84 169
85 194
86 196
87 136
88 168
89 18
90 196
91 150
92 168
93 184
94 132
95 160
96 169
97 53
98 196
99 160
100 168
101 62
102 68
103 176
104 168
105 6
106 133
107 16
108 169
109 225
110 69
111 34
112 168
113 47
114 197
115 58
116 169
117 72
118 5
119 70
120 169
121 66
122 69
123 96
124 170
125 6
126 5
127 96
128 168
129 43
130 133
131 104
132 169
133 124
134 69
135 112
136 168
137 70
138 197
139 122
140 168
141 65
142 133
143 140
144 168
145 213
146 5
147 156
148 169
149 151
150 69
151 190
152 168
153 240
154 198
155 96
156 168
157 115
158 198
159 134
160 169
161 51
162 70
163 138
164 168
165 93
166 134
167 146
168 169
169 2
170 198
171 146
172 168
173 69
174 198
175 148
176 169
177 231
178 70
179 180
180 169
181 33
182 70
183 182
184 169
185 204
186 6
187 202
188 168
189 226
190 199
191 0
192 169
193 8
194 7
195 132
196 168
197 84
198 71
199 194
200 168
201 205
202 199
203 250
204 168
205 177
206 72
207 12
208 168
209 68
210 136
211 30
212 168
213 120
214 72
215 114
216 169
217 107
218 72
219 170
220 168
221 79
222 136
223 184
224 169
225 41
226 200
227 238
228 170
229 73
230 137
231 44
232 168
233 43
234 9
235 62
236 169
237 225
238 73
239 82
240 169
241 224
242 73
243 124
244 170
245 24
246 137
247 132
248 169
249 15
250 137
251 152
252 168
253 89
254 137
255 214
256 170
257 62
258 201
259 232
260 169
261 13
262 137
263 242
264 169
265 71
266 10
267 10
268 168
269 194
270 74
271 26
272 169
273 45
274 10
275 98
276 168
277 146
278 74
279 142
280 168
281 53
282 138
283 236
284 169
285 167
286 74
287 252
288 169
289 19
290 139
291 40
292 169
293 138
294 203
295 42
296 168
297 120
298 75
299 90
300 170
301 15
302 203
303 118
304 169
305 187
306 11
307 180
308 170
309 101
310 204
311 206
312 168
313 7
314 204
315 214
316 169
317 83
318 140
319 226
320 169
321 121
322 141
323 42
324 168
325 45
326 205
327 90
328 169
329 208
330 205
331 92
332 169
333 41
334 13
335 110
336 168
337 54
338 13
339 118
340 170
341 131
342 77
343 140
344 168
345 151
346 205
347 232
348 169
349 17
350 142
351 0
352 169
353 113
354 78
355 104
356 168
357 192
358 78
359 186
360 168
361 76
362 206
363 200
364 169
365 204
366 14
367 200
368 169
369 216
370 207
371 56
372 0
373 0
374 0
375 0
376 0
377 0
378 0
379 0
380 0
381 0
382 0
383 0
384 0
385 0
386 0
387 0
388 0
389 0
390 0
391 0
392 0
393 0
394 0
395 0
396 0
397 0
398 0
399 0
400 0
401 0
402 0
403 0
404 0
405 0
406 0
407 0
408 0
409 0
410 0
411 0
412 0
413 0
414 0
415 0
416 0
417 0
418 0
419 0
420 0
421 0
422 0
423 0
424 0
425 0
426 0
427 0
428 0
429 0
430 0
431 0
432 0
433 0
434 0
435 0
436 0
437 0
438 0
439 0
440 0
441 0
442 0
443 0
444 0
445 0
446 0
447 0
448 0
449 0
450 0
451 0
452 0
453 0
454 0
455 0
456 0
457 0
458 0
459 0
460 0
461 0
462 0
463 0
464 0
465 0
466 0
467 0
468 0
469 0
470 0
471 0
472 0
473 0
474 0
475 0
476 0
477 0
478 0
479 0
480 0
481 0
482 0
483 0
484 0
485 0
486 0
487 0
488 0
489 0
490 0
491 0
492 0
493 0
494 0
495 0
496 0
497 0
498 0
499 0
500 0
501 0
502 0
503 0
504 0
505 0
506 0
507 0
508 0
509 0
510 0
511 0
512 0
513 0
514 0
515 0
516 0
517 0
518 0
519 0
520 0
521 0
522 0
523 0
524 0
525 0
526 0
527 0
528 0
529 0
530 0
531 0
532 0
533 0
534 0
535 0
536 0
537 0
538 0
539 0
540 0
541 0
542 0
543 0
544 0
545 0
546 0
547 0
548 0
549 0
550 0
551 0
552 0
553 0
554 0
555 0
556 0
557 0
558 0
559 0
560 0
561 0
562 0
563 0
564 0
565 0
566 0
567 0
568 0
569 0
570 0
571 0
572 0
573 0
574 0
575 0
576 0
577 0
578 0
579 0
580 0
581 0
582 0
583 0
584 0
585 0
586 0
587 0
588 0
589 0
590 0
591 0
592 0
593 0
594 0
595 0
596 0
597 0
598 0
599 0
600 0
601 0
602 0
603 0
604 0
605 0
606 0
607 0
608 0
609 0
610 0
611 0
612 0
613 0
614 0
615 0
616 0
617 0
618 0
619 0
620 0
621 0
622 0
623 0
624 0
625 0
626 0
627 0
628 0
629 0
630 0
631 0
632 0
633 0
634 0
635 0
636 0
637 0
638 0
639 0
640 0
641 0
642 0
643 0
644 0
645 0
646 0
647 0
648 0
649 0
650 0
651 0
652 0
653 0
654 0
655 0
656 0
657 0
658 0
659 0
660 0
661 0
662 0
663 0
664 0
665 0
666 0
667 0
668 0
669 0
670 0
671 0
672 0
673 0
674 0
675 0
676 0
677 0
678 0
679 0
680 0
681 0
682 0
683 0
684 0
685 0
686 0
687 0
688 0
689 0
690 0
691 0
692 0
693 0
694 0
695 0
696 0
697 0
698 0
699 0
700 0
701 0
702 0
703 0
704 0
705 0
706 0
707 0
708 0
709 0
710 0
711 0
712 0
713 0
714 0
715 0
716 0
717 0
718 0
719 0
720 0
721 0
722 0
723 0
724 0
725 0
726 0
727 0
728 0
729 0
730 0
731 0
732 0
733 0
734 0
735 0
736 0
737 0
738 0
739 0
740 0
741 0
742 0
743 0
744 0
745 0
746 0
747 0
748 0
749 0
750 0
751 0
752 0
753 0
754 0
755 0
756 0
757 0
758 0
759 0
760 0
761 0
762 0
763 0
764 0
765 0
766 0
767 0
768 0
769 0
770 0
771 0
772 0
773 0
774 0
775 0
776 0
777 0
778 0
779 0
780 0
781 0
782 0
783 0
784 0
785 0
786 0
787 0
788 0
789 0
790 0
791 0
792 0
793 0
794 0
795 0
796 0
797 0
798 0
799 0
800 0
801 0
802 0
803 0
804 0
805 0
806 0
807 0
808 0
809 0
810 0
811 0
812 0
813 0
814 0
815 0
816 0
817 0
818 0
819 0
820 0
821 0
822 0
823 0
824 0
825 0
826 0
827 0
828 0
829 0
830 0
831 0
832 0
833 0
834 0
835 0
836 0
837 0
838 0
839 0
840 0
841 0
842 0
843 0
844 0
845 0
846 0
847 0
848 0
849 0
850 0
851 0
852 0
853 0
854 0
855 0
856 0
857 0
858 0
859 0
860 0
861 0
862 0
863 0
864 0
865 0
866 0
867 0
868 0
869 0
870 0
871 0
872 0
873 0
874 0
875 0
876 0
877 0
878 0
879 0
880 0
881 0
882 0
883 0
884 0
885 0
886 0
887 0
888 0
889 0
890 0
891 0
892 0
893 0
894 0
895 0
896 0
897 0
898 0
899 0
900 0
901 0
902 0
903 0
904 0
905 0
906 0
907 0
908 0
909 0
910 0
911 0
912 0
913 0
914 0
915 0
916 0
917 0
918 0
919 0
920 0
921 0
922 0
923 0
924 0
925 0
926 0
927 0
928 0
929 0
930 0
931 0
932 0
933 0
934 0
935 0
936 0
937 0
938 0
939 0
940 0
941 0
942 0
943 0
944 0
945 0
946 0
947 0
948 0
949 0
950 0
951 0
952 0
953 0
954 0
955 0
956 0
957 0
958 0
959 0
960 0
961 0
962 0
963 0
964 0
965 0
966 0
967 0
968 0
969 0
970 0
971 0
972 0
973 0
974 0
975 0
976 0
977 0
978 0
979 0
980 0
981 0
982 0
983 0
984 0
985 0
986 0
987 0
988 0
989 0
990 0
991 0
992 0
993 0
994 0
995 0
996 0
997 0
998 0
999 0
1000 0
1001 0
1002 0
1003 0
1004 0
1005 0
1006 0
1007 0
1008 0
1009 0
1010 0
1011 0
1012 0
1013 0
1014 0
1015 0
1016 0
1017 0
1018 0
1019 0
1020 0
1021 0
1022 0
1023 0
