0 168
1 108
2 128
3 86
4 168
5 75
6 128
7 100
8 168
9 204
10 192
11 232
12 168
13 191
14 129
15 20
16 169
17 219
18 193
19 52
20 169
21 64
22 1
23 166
24 168
25 86
26 66
27 14
28 170
29 87
30 130
31 22
32 170
33 0
34 66
35 50
36 169
37 204
38 194
39 76
40 168
41 217
42 194
43 80
44 170
45 103
46 2
47 84
48 169
49 134
50 3
51 84
52 169
53 171
54 67
55 90
56 168
57 20
58 67
59 98
60 168
61 40
62 131
63 100
64 170
65 46
66 131
67 114
68 168
69 200
70 3
71 134
72 169
73 163
74 67
75 146
76 168
77 10
78 195
79 168
80 168
81 184
82 67
83 210
84 170
85 30
86 67
87 244
88 169
89 213
90 68
91 2
92 170
93 55
94 4
95 28
96 168
97 78
98 196
99 34
100 168
101 205
102 68
103 170
104 168
105 52
106 68
107 238
108 168
109 255
110 4
111 248
112 169
113 111
114 133
115 80
116 168
117 240
118 5
119 118
120 168
121 214
122 69
123 138
124 168
125 67
126 69
127 166
128 168
129 54
130 198
131 96
132 169
133 11
134 134
135 110
136 168
137 205
138 70
139 120
140 168
141 141
142 70
143 212
144 168
145 186
146 198
147 246
148 169
149 50
150 135
151 14
152 169
153 135
154 135
155 14
156 169
157 16
158 71
159 34
160 169
161 42
162 199
163 40
164 169
165 52
166 135
167 40
168 169
169 22
170 7
171 160
172 169
173 182
174 199
175 164
176 168
177 37
178 135
179 242
180 169
181 166
182 8
183 84
184 168
185 95
186 200
187 86
188 170
189 55
190 8
191 218
192 168
193 65
194 8
195 244
196 168
197 148
198 201
199 2
200 170
201 46
202 73
203 42
204 169
205 224
206 137
207 56
208 169
209 165
210 9
211 58
212 169
213 66
214 201
215 116
216 169
217 213
218 9
219 198
220 168
221 212
222 202
223 60
224 169
225 33
226 202
227 62
228 169
229 163
230 202
231 82
232 170
233 122
234 138
235 162
236 170
237 106
238 10
239 164
240 170
241 122
242 202
243 196
244 170
245 4
246 11
247 2
248 169
249 32
250 11
251 14
252 168
253 135
254 11
255 24
256 169
257 148
258 203
259 68
260 169
261 131
262 139
263 72
264 169
265 234
266 75
267 80
268 170
269 46
270 75
271 228
272 169
273 0
274 12
275 10
276 169
277 196
278 12
279 66
280 170
281 32
282 12
283 74
284 169
285 19
286 76
287 76
288 169
289 115
290 204
291 94
292 169
293 45
294 12
295 102
296 168
297 200
298 76
299 126
300 168
301 12
302 140
303 134
304 169
305 35
306 204
307 134
308 168
309 73
310 12
311 168
312 176
313 118
314 13
315 22
316 168
317 93
318 205
319 84
320 169
321 235
322 13
323 86
324 168
325 225
326 141
327 234
328 169
329 253
330 141
331 240
332 168
333 55
334 78
335 84
336 168
337 250
338 14
339 130
340 170
341 19
342 14
343 244
344 0
345 0
346 0
347 0
348 0
349 0
350 0
351 0
352 0
353 0
354 0
355 0
356 0
357 0
358 0
359 0
360 0
361 0
362 0
363 0
364 0
365 0
366 0
367 0
368 0
369 0
370 0
371 0
372 0
373 0
374 0
375 0
376 0
377 0
378 0
379 0
380 0
381 0
382 0
383 0
384 0
385 0
386 0
387 0
388 0
389 0
390 0
391 0
392 0
393 0
394 0
395 0
396 0
397 0
398 0
399 0
400 0
401 0
402 0
403 0
404 0
405 0
406 0
407 0
408 0
409 0
410 0
411 0
412 0
413 0
414 0
415 0
416 0
417 0
418 0
419 0
420 0
421 0
422 0
423 0
424 0
425 0
426 0
427 0
428 0
429 0
430 0
431 0
432 0
433 0
434 0
435 0
436 0
437 0
438 0
439 0
440 0
441 0
442 0
443 0
444 0
445 0
446 0
447 0
448 0
449 0
450 0
451 0
452 0
453 0
454 0
455 0
456 0
457 0
458 0
459 0
460 0
461 0
462 0
463 0
464 0
465 0
466 0
467 0
468 0
469 0
470 0
471 0
472 0
473 0
474 0
475 0
476 0
477 0
478 0
479 0
480 0
481 0
482 0
483 0
484 0
485 0
486 0
487 0
488 0
489 0
490 0
491 0
492 0
493 0
494 0
495 0
496 0
497 0
498 0
499 0
500 0
501 0
502 0
503 0
504 0
505 0
506 0
507 0
508 0
509 0
510 0
511 0
512 0
513 0
514 0
515 0
516 0
517 0
518 0
519 0
520 0
521 0
522 0
523 0
524 0
525 0
526 0
527 0
528 0
529 0
530 0
531 0
532 0
533 0
534 0
535 0
536 0
537 0
538 0
539 0
540 0
541 0
542 0
543 0
544 0
545 0
546 0
547 0
548 0
549 0
550 0
551 0
552 0
553 0
554 0
555 0
556 0
557 0
558 0
559 0
560 0
561 0
562 0
563 0
564 0
565 0
566 0
567 0
568 0
569 0
570 0
571 0
572 0
573 0
574 0
575 0
576 0
577 0
578 0
579 0
580 0
581 0
582 0
583 0
584 0
585 0
586 0
587 0
588 0
589 0
590 0
591 0
592 0
593 0
594 0
595 0
596 0
597 0
598 0
599 0
600 0
601 0
602 0
603 0
604 0
605 0
606 0
607 0
608 0
609 0
610 0
611 0
612 0
613 0
614 0
615 0
616 0
617 0
618 0
619 0
620 0
621 0
622 0
623 0
624 0
625 0
626 0
627 0
628 0
629 0
630 0
631 0
632 0
633 0
634 0
635 0
636 0
637 0
638 0
639 0
640 0
641 0
642 0
643 0
644 0
645 0
646 0
647 0
648 0
649 0
650 0
651 0
652 0
653 0
654 0
655 0
656 0
657 0
658 0
659 0
660 0
661 0
662 0
663 0
664 0
665 0
666 0
667 0
668 0
669 0
670 0
671 0
672 0
673 0
674 0
675 0
676 0
677 0
678 0
679 0
680 0
681 0
682 0
683 0
684 0
685 0
686 0
687 0
688 0
689 0
690 0
691 0
692 0
693 0
694 0
695 0
696 0
697 0
698 0
699 0
700 0
701 0
702 0
703 0
704 0
705 0
706 0
707 0
708 0
709 0
710 0
711 0
712 0
713 0
714 0
715 0
716 0
717 0
718 0
719 0
720 0
721 0
722 0
723 0
724 0
725 0
726 0
727 0
728 0
729 0
730 0
731 0
732 0
733 0
734 0
735 0
736 0
737 0
738 0
739 0
740 0
741 0
742 0
743 0
744 0
745 0
746 0
747 0
748 0
749 0
750 0
751 0
752 0
753 0
754 0
755 0
756 0
757 0
758 0
759 0
760 0
761 0
762 0
763 0
764 0
765 0
766 0
767 0
768 0
769 0
770 0
771 0
772 0
773 0
774 0
775 0
776 0
777 0
778 0
779 0
780 0
781 0
782 0
783 0
784 0
785 0
786 0
787 0
788 0
789 0
790 0
791 0
792 0
793 0
794 0
795 0
796 0
797 0
798 0
799 0
800 0
801 0
802 0
803 0
804 0
805 0
806 0
807 0
808 0
809 0
810 0
811 0
812 0
813 0
814 0
815 0
816 0
817 0
818 0
819 0
820 0
821 0
822 0
823 0
824 0
825 0
826 0
827 0
828 0
829 0
830 0
831 0
832 0
833 0
834 0
835 0
836 0
837 0
838 0
839 0
840 0
841 0
842 0
843 0
844 0
845 0
846 0
847 0
848 0
849 0
850 0
851 0
852 0
853 0
854 0
855 0
856 0
857 0
858 0
859 0
860 0
861 0
862 0
863 0
864 0
865 0
866 0
867 0
868 0
869 0
870 0
871 0
872 0
873 0
874 0
875 0
876 0
877 0
878 0
879 0
880 0
881 0
882 0
883 0
884 0
885 0
886 0
887 0
888 0
889 0
890 0
891 0
892 0
893 0
894 0
895 0
896 0
897 0
898 0
899 0
900 0
901 0
902 0
903 0
904 0
905 0
906 0
907 0
908 0
909 0
910 0
911 0
912 0
913 0
914 0
915 0
916 0
917 0
918 0
919 0
920 0
921 0
922 0
923 0
924 0
925 0
926 0
927 0
928 0
929 0
930 0
931 0
932 0
933 0
934 0
935 0
936 0
937 0
938 0
939 0
940 0
941 0
942 0
943 0
944 0
945 0
946 0
947 0
948 0
949 0
950 0
951 0
952 0
953 0
954 0
955 0
956 0
957 0
958 0
959 0
960 0
961 0
962 0
963 0
964 0
965 0
966 0
967 0
968 0
969 0
970 0
971 0
972 0
973 0
974 0
975 0
976 0
977 0
978 0
979 0
980 0
981 0
982 0
983 0
984 0
985 0
986 0
987 0
988 0
989 0
990 0
991 0
992 0
993 0
994 0
995 0
996 0
997 0
998 0
999 0
1000 0
1001 0
1002 0
1003 0
1004 0
1005 0
1006 0
1007 0
1008 0
1009 0
1010 0
1011 0
1012 0
1013 0
1014 0
1015 0
1016 0
1017 0
1018 0
1019 0
1020 0
1021 0
1022 0
1023 0
