 LEFT LENS SHADING DATA RED Channel { 37.666668  45.666668  52.333336  59.333336  65.000000  68.666664  72.666664  75.666664  76.666664  75.333336  73.666664  69.666664  66.000000  60.000000  53.333336  45.333332  38.666668 
 41.666668  51.000000  59.000000  66.000000  73.000000  78.000000  82.000000  85.000000  86.000000  86.000000  83.000000  79.000000  74.000000  68.000000  60.000000  52.000000  44.000000 
 46.666668  56.000000  65.000000  72.000000  79.000000  85.000000  90.000000  93.000000  94.000000  94.000000  91.000000  86.000000  80.000000  73.000000  66.000000  57.000000  47.666668 
 50.666664  60.000000  69.000000  77.000000  85.000000  92.000000  97.000000  100.000000  102.000000  101.000000  98.000000  93.000000  86.000000  79.000000  70.000000  62.000000  51.333336 
 53.333336  64.000000  73.000000  81.000000  89.000000  97.000000  102.000000  106.000000  108.000000  107.000000  103.000000  98.000000  91.000000  83.000000  74.000000  65.000000  54.333336 
 55.666664  65.000000  75.000000  84.000000  92.000000  100.000000  106.000000  110.000000  112.000000  111.000000  107.000000  101.000000  94.000000  85.000000  76.000000  67.000000  56.333336 
 56.666664  66.000000  75.000000  84.000000  93.000000  101.000000  108.000000  112.000000  114.000000  113.000000  109.000000  102.000000  95.000000  86.000000  76.000000  67.000000  57.666664 
 55.333336  66.000000  75.000000  84.000000  92.000000  101.000000  107.000000  111.000000  113.000000  111.000000  108.000000  101.000000  94.000000  85.000000  76.000000  67.000000  56.333336 
 53.333336  64.000000  73.000000  81.000000  90.000000  97.000000  103.000000  107.000000  109.000000  108.000000  104.000000  98.000000  91.000000  83.000000  74.000000  65.000000  54.333336 
 50.333336  61.000000  70.000000  78.000000  85.000000  92.000000  98.000000  101.000000  103.000000  102.000000  98.000000  93.000000  86.000000  79.000000  70.000000  62.000000  51.333336 
 46.666668  56.000000  65.000000  73.000000  80.000000  86.000000  91.000000  94.000000  95.000000  94.000000  91.000000  87.000000  81.000000  74.000000  66.000000  57.000000  47.666668 
 43.000000  51.000000  59.000000  67.000000  73.000000  79.000000  83.000000  85.000000  86.000000  85.000000  83.000000  79.000000  74.000000  68.000000  60.000000  52.000000  44.000000 
 37.666668  44.333332  52.333336  59.000000  65.000000  69.666664  73.666664  75.666664  76.666664  75.666664  73.666664  71.000000  66.000000  60.000000  53.333336  45.333332  38.666668 
 } 
 GR Channel { 79.333336  94.000000  107.333336  121.666672  132.333328  140.000000  145.666672  150.666672  151.666672  150.666672  146.666672  140.000000  131.000000  121.666672  107.333336  94.000000  80.666664 
 88.666664  106.000000  122.000000  135.000000  147.000000  156.000000  163.000000  168.000000  169.000000  168.000000  164.000000  156.000000  147.000000  135.000000  122.000000  106.000000  90.000000 
 97.333336  116.000000  133.000000  147.000000  159.000000  169.000000  177.000000  182.000000  184.000000  182.000000  177.000000  169.000000  159.000000  146.000000  132.000000  116.000000  98.666664 
 105.000000  125.000000  141.000000  156.000000  169.000000  181.000000  190.000000  195.000000  197.000000  195.000000  189.000000  180.000000  168.000000  155.000000  141.000000  125.000000  106.333336 
 111.000000  131.000000  148.000000  163.000000  177.000000  190.000000  199.000000  205.000000  207.000000  204.000000  198.000000  188.000000  176.000000  162.000000  147.000000  131.000000  112.333328 
 115.333328  134.000000  151.000000  167.000000  182.000000  195.000000  205.000000  212.000000  214.000000  211.000000  204.000000  194.000000  181.000000  166.000000  150.000000  134.000000  115.333328 
 116.000000  136.000000  153.000000  168.000000  184.000000  197.000000  207.000000  214.000000  217.000000  214.000000  206.000000  196.000000  183.000000  168.000000  152.000000  135.000000  116.333328 
 115.000000  135.000000  151.000000  167.000000  182.000000  196.000000  206.000000  212.000000  215.000000  212.000000  205.000000  194.000000  182.000000  167.000000  151.000000  134.000000  116.666672 
 111.000000  131.000000  148.000000  163.000000  177.000000  190.000000  200.000000  206.000000  208.000000  205.000000  199.000000  189.000000  177.000000  162.000000  147.000000  131.000000  112.333328 
 105.000000  125.000000  142.000000  156.000000  169.000000  181.000000  191.000000  197.000000  198.000000  196.000000  190.000000  181.000000  169.000000  156.000000  141.000000  125.000000  106.333336 
 97.333336  116.000000  133.000000  147.000000  160.000000  170.000000  178.000000  184.000000  185.000000  183.000000  178.000000  170.000000  160.000000  147.000000  133.000000  117.000000  98.333336 
 88.666664  106.000000  122.000000  136.000000  148.000000  157.000000  164.000000  169.000000  170.000000  168.000000  164.000000  157.000000  148.000000  136.000000  122.000000  106.000000  91.333336 
 78.000000  92.666664  107.333336  122.666672  133.333328  142.333328  148.000000  151.666672  152.666672  152.000000  148.000000  141.000000  132.000000  121.333328  108.666664  94.000000  80.666664 
 } 
 GB Channel { 80.666664  94.000000  108.333336  122.666672  132.333328  141.000000  146.666672  151.666672  152.333328  151.666672  147.666672  142.000000  133.333328  122.333328  109.666664  95.000000  81.666664 
 90.000000  106.000000  123.000000  136.000000  147.000000  157.000000  164.000000  169.000000  171.000000  169.000000  165.000000  158.000000  148.000000  137.000000  123.000000  107.000000  91.000000 
 98.333336  117.000000  134.000000  147.000000  160.000000  170.000000  178.000000  183.000000  185.000000  183.000000  179.000000  171.000000  160.000000  148.000000  134.000000  118.000000  99.333336 
 105.000000  125.000000  142.000000  157.000000  170.000000  181.000000  190.000000  195.000000  198.000000  196.000000  190.000000  182.000000  170.000000  157.000000  142.000000  126.000000  107.333336 
 111.000000  131.000000  148.000000  164.000000  178.000000  190.000000  199.000000  205.000000  207.000000  205.000000  199.000000  190.000000  178.000000  164.000000  148.000000  131.000000  112.333328 
 115.333328  134.000000  151.000000  167.000000  182.000000  195.000000  205.000000  211.000000  214.000000  212.000000  205.000000  195.000000  183.000000  168.000000  151.000000  135.000000  116.333328 
 116.000000  136.000000  153.000000  168.000000  184.000000  196.000000  206.000000  213.000000  216.000000  213.000000  207.000000  197.000000  184.000000  169.000000  153.000000  136.000000  117.333328 
 115.333328  134.000000  151.000000  167.000000  182.000000  195.000000  204.000000  211.000000  214.000000  211.000000  205.000000  195.000000  182.000000  167.000000  151.000000  135.000000  116.333328 
 111.000000  131.000000  148.000000  163.000000  177.000000  189.000000  199.000000  205.000000  207.000000  205.000000  199.000000  190.000000  177.000000  163.000000  148.000000  131.000000  112.333328 
 105.000000  125.000000  142.000000  156.000000  169.000000  180.000000  189.000000  195.000000  197.000000  195.000000  190.000000  181.000000  170.000000  157.000000  142.000000  126.000000  107.333336 
 97.333336  116.000000  133.000000  147.000000  159.000000  169.000000  177.000000  182.000000  184.000000  182.000000  178.000000  170.000000  160.000000  148.000000  133.000000  117.000000  99.666664 
 89.000000  105.000000  122.000000  136.000000  147.000000  156.000000  163.000000  168.000000  169.000000  168.000000  164.000000  157.000000  148.000000  137.000000  123.000000  107.000000  91.000000 
 78.333336  93.000000  107.333336  121.333328  132.333328  141.333328  147.000000  150.666672  153.000000  152.000000  148.000000  141.000000  133.333328  122.333328  108.333336  95.000000  80.333336 
 } 
 B Channel { 52.000000  60.000000  68.666664  77.666664  84.666664  89.333336  93.333336  96.333336  97.333336  96.333336  93.333336  89.333336  83.666664  76.666664  68.666664  60.000000  50.666664 
 57.333336  68.000000  78.000000  87.000000  94.000000  100.000000  104.000000  107.000000  108.000000  107.000000  104.000000  100.000000  93.000000  86.000000  78.000000  68.000000  57.333336 
 63.000000  75.000000  86.000000  94.000000  102.000000  108.000000  113.000000  116.000000  117.000000  116.000000  113.000000  108.000000  101.000000  93.000000  85.000000  75.000000  63.000000 
 67.666664  81.000000  91.000000  100.000000  108.000000  116.000000  121.000000  124.000000  125.000000  124.000000  120.000000  115.000000  107.000000  99.000000  90.000000  80.000000  68.000000 
 71.666664  85.000000  95.000000  105.000000  114.000000  122.000000  127.000000  131.000000  132.000000  130.000000  126.000000  120.000000  112.000000  104.000000  94.000000  84.000000  72.000000 
 75.000000  87.000000  98.000000  107.000000  117.000000  125.000000  131.000000  135.000000  136.000000  135.000000  130.000000  124.000000  116.000000  106.000000  96.000000  86.000000  74.000000 
 76.000000  88.000000  98.000000  108.000000  118.000000  126.000000  132.000000  136.000000  138.000000  136.000000  131.000000  125.000000  116.000000  107.000000  97.000000  86.000000  75.333336 
 75.000000  87.000000  97.000000  107.000000  116.000000  125.000000  131.000000  135.000000  136.000000  134.000000  130.000000  123.000000  115.000000  106.000000  96.000000  86.000000  74.000000 
 72.000000  84.000000  95.000000  104.000000  113.000000  121.000000  127.000000  131.000000  132.000000  130.000000  126.000000  120.000000  112.000000  103.000000  94.000000  84.000000  72.000000 
 68.000000  80.000000  91.000000  100.000000  108.000000  115.000000  121.000000  124.000000  125.000000  124.000000  120.000000  114.000000  107.000000  99.000000  90.000000  80.000000  68.000000 
 63.000000  75.000000  85.000000  94.000000  101.000000  108.000000  113.000000  116.000000  117.000000  116.000000  112.000000  107.000000  101.000000  93.000000  84.000000  74.000000  63.333336 
 57.333336  68.000000  78.000000  87.000000  94.000000  100.000000  104.000000  107.000000  108.000000  107.000000  104.000000  99.000000  93.000000  86.000000  78.000000  68.000000  57.333336 
 50.666664  58.666664  68.666664  76.333336  84.666664  89.333336  93.333336  95.000000  96.000000  95.000000  93.333336  88.333336  83.666664  76.666664  67.333336  58.666664  50.666664 
 } 


 White Balance Data with optical Center Data
 r_center_x =  1294 r_center_y =  991 
 gr_center_x =  1318 gr_center_y =  982 
 b_center_x =  1309 b_center_y =  939 
 gb_center_x =  1318 gb_center_y =  993 
 r/gr 0.526063 
 b/gr 0.635541 
 r_oc_ave 115.004440 
 b_oc_ave 138.937775 
 gr_oc_ave 218.613327 
 gb_oc_ave 217.351105 