 LEFT LENS SHADING DATA RED Channel { 15.333334  19.333332  23.000000  28.333332  32.000000  34.666668  37.333332  38.000000  39.000000  40.333332  38.333332  36.333332  33.666668  29.666668  26.000000  22.333332  18.333332 
 18.000000  22.000000  27.000000  31.000000  36.000000  40.000000  44.000000  46.000000  47.000000  47.000000  45.000000  43.000000  39.000000  35.000000  30.000000  25.000000  21.000000 
 19.666668  25.000000  30.000000  35.000000  40.000000  45.000000  50.000000  53.000000  54.000000  54.000000  52.000000  49.000000  44.000000  39.000000  33.000000  28.000000  22.666668 
 20.333332  27.000000  32.000000  38.000000  44.000000  50.000000  56.000000  60.000000  62.000000  61.000000  59.000000  54.000000  48.000000  42.000000  36.000000  31.000000  24.333332 
 22.666668  28.000000  34.000000  40.000000  47.000000  54.000000  61.000000  66.000000  68.000000  67.000000  64.000000  59.000000  52.000000  45.000000  38.000000  32.000000  26.666668 
 23.666668  29.000000  35.000000  41.000000  49.000000  57.000000  64.000000  70.000000  73.000000  72.000000  68.000000  61.000000  54.000000  46.000000  39.000000  33.000000  26.333332 
 23.666668  29.000000  35.000000  42.000000  49.000000  57.000000  65.000000  71.000000  75.000000  73.000000  68.000000  61.000000  54.000000  46.000000  39.000000  33.000000  27.666668 
 22.666668  28.000000  34.000000  40.000000  48.000000  55.000000  62.000000  68.000000  71.000000  70.000000  66.000000  60.000000  52.000000  45.000000  38.000000  32.000000  26.666668 
 21.666668  27.000000  32.000000  38.000000  45.000000  51.000000  57.000000  62.000000  64.000000  64.000000  60.000000  55.000000  49.000000  42.000000  36.000000  31.000000  25.666668 
 19.666668  25.000000  30.000000  35.000000  40.000000  46.000000  51.000000  54.000000  56.000000  56.000000  53.000000  49.000000  44.000000  38.000000  33.000000  28.000000  22.666668 
 18.000000  22.000000  27.000000  31.000000  36.000000  40.000000  44.000000  46.000000  48.000000  47.000000  45.000000  42.000000  38.000000  34.000000  30.000000  25.000000  21.000000 
 16.333332  19.000000  24.000000  27.000000  31.000000  34.000000  37.000000  39.000000  40.000000  39.000000  38.000000  36.000000  33.000000  29.000000  26.000000  22.000000  18.000000 
 12.333334  16.333332  20.000000  23.000000  25.666668  28.666668  30.333332  32.333332  32.000000  32.333332  31.333332  29.333332  27.666668  25.000000  22.000000  18.000000  15.333334 
 } 
 GR Channel { 35.666668  42.333332  50.666664  60.666664  69.666664  77.333336  83.000000  82.666664  86.000000  88.666664  85.666664  81.000000  75.333336  67.666664  59.000000  49.000000  42.333332 
 39.666668  49.000000  60.000000  70.000000  79.000000  88.000000  95.000000  100.000000  102.000000  102.000000  99.000000  93.000000  86.000000  77.000000  67.000000  57.000000  46.333332 
 43.000000  55.000000  66.000000  77.000000  88.000000  98.000000  107.000000  113.000000  117.000000  117.000000  112.000000  105.000000  96.000000  85.000000  74.000000  63.000000  52.333336 
 46.666668  60.000000  71.000000  83.000000  95.000000  107.000000  119.000000  127.000000  130.000000  129.000000  124.000000  115.000000  104.000000  92.000000  80.000000  69.000000  57.000000 
 51.000000  63.000000  74.000000  87.000000  101.000000  115.000000  128.000000  138.000000  143.000000  141.000000  134.000000  123.000000  111.000000  97.000000  84.000000  72.000000  60.000000 
 52.000000  64.000000  76.000000  90.000000  104.000000  119.000000  134.000000  146.000000  153.000000  151.000000  142.000000  128.000000  114.000000  100.000000  86.000000  73.000000  61.000000 
 52.000000  64.000000  76.000000  90.000000  104.000000  120.000000  135.000000  148.000000  155.000000  152.000000  142.000000  128.000000  114.000000  100.000000  86.000000  73.000000  62.333336 
 51.000000  63.000000  75.000000  87.000000  101.000000  116.000000  130.000000  142.000000  148.000000  146.000000  137.000000  125.000000  110.000000  97.000000  84.000000  72.000000  60.000000 
 48.333336  59.000000  71.000000  82.000000  95.000000  108.000000  120.000000  129.000000  134.000000  132.000000  126.000000  116.000000  104.000000  91.000000  79.000000  69.000000  57.000000 
 44.333332  55.000000  65.000000  76.000000  87.000000  98.000000  107.000000  114.000000  118.000000  117.000000  112.000000  104.000000  94.000000  83.000000  73.000000  63.000000  52.333336 
 39.333332  50.000000  60.000000  68.000000  78.000000  86.000000  94.000000  100.000000  102.000000  101.000000  97.000000  91.000000  83.000000  75.000000  66.000000  57.000000  46.333332 
 34.666668  44.000000  53.000000  61.000000  68.000000  75.000000  81.000000  85.000000  87.000000  86.000000  83.000000  78.000000  72.000000  66.000000  58.000000  49.000000  41.000000 
 28.000000  36.000000  45.000000  51.666664  58.666664  64.333336  67.666664  71.666664  73.666664  72.666664  69.666664  66.000000  61.333336  56.666664  48.666664  41.000000  35.666668 
 } 
 GB Channel { 35.666668  42.333332  52.000000  62.000000  69.666664  77.333336  83.000000  82.666664  85.666664  88.333336  87.000000  82.333336  75.333336  67.666664  58.666664  50.333336  42.333332 
 39.666668  49.000000  60.000000  70.000000  79.000000  88.000000  95.000000  100.000000  103.000000  103.000000  99.000000  93.000000  86.000000  77.000000  68.000000  57.000000  46.333332 
 43.000000  55.000000  66.000000  77.000000  88.000000  98.000000  107.000000  113.000000  117.000000  117.000000  113.000000  105.000000  96.000000  85.000000  74.000000  63.000000  52.333336 
 48.000000  60.000000  71.000000  83.000000  96.000000  107.000000  119.000000  127.000000  131.000000  130.000000  124.000000  115.000000  104.000000  92.000000  80.000000  69.000000  57.000000 
 51.000000  63.000000  75.000000  87.000000  101.000000  115.000000  128.000000  139.000000  143.000000  141.000000  135.000000  124.000000  111.000000  97.000000  84.000000  72.000000  60.000000 
 52.000000  64.000000  77.000000  90.000000  105.000000  120.000000  134.000000  147.000000  153.000000  151.000000  142.000000  129.000000  114.000000  100.000000  86.000000  73.000000  61.000000 
 52.000000  64.000000  77.000000  90.000000  104.000000  120.000000  135.000000  149.000000  155.000000  152.000000  142.000000  129.000000  114.000000  100.000000  86.000000  73.000000  62.333336 
 51.000000  63.000000  75.000000  87.000000  101.000000  116.000000  130.000000  142.000000  148.000000  146.000000  137.000000  125.000000  110.000000  97.000000  84.000000  72.000000  60.000000 
 48.333336  59.000000  71.000000  82.000000  95.000000  108.000000  120.000000  129.000000  134.000000  132.000000  126.000000  116.000000  104.000000  91.000000  79.000000  69.000000  57.000000 
 44.333332  55.000000  65.000000  76.000000  87.000000  98.000000  107.000000  114.000000  118.000000  117.000000  112.000000  104.000000  94.000000  83.000000  73.000000  63.000000  52.333336 
 39.333332  50.000000  60.000000  68.000000  78.000000  86.000000  94.000000  99.000000  102.000000  101.000000  97.000000  91.000000  83.000000  74.000000  66.000000  56.000000  46.666668 
 34.666668  44.000000  53.000000  61.000000  68.000000  75.000000  81.000000  85.000000  87.000000  86.000000  83.000000  78.000000  72.000000  66.000000  58.000000  49.000000  41.000000 
 28.000000  36.000000  43.666668  51.666664  58.666664  64.333336  67.666664  70.333336  72.333336  72.666664  69.666664  66.000000  61.333336  56.666664  48.666664  41.000000  34.333332 
 } 
 B Channel { 23.000000  27.000000  32.666668  40.000000  44.666668  49.333336  53.000000  53.333336  55.333336  58.000000  56.000000  52.000000  48.333336  43.666668  37.666668  32.000000  28.000000 
 25.666668  31.000000  38.000000  44.000000  50.000000  56.000000  61.000000  64.000000  66.000000  66.000000  64.000000  60.000000  55.000000  49.000000  43.000000  36.000000  30.666668 
 28.333332  35.000000  42.000000  49.000000  56.000000  63.000000  69.000000  73.000000  75.000000  75.000000  72.000000  68.000000  62.000000  55.000000  48.000000  41.000000  33.000000 
 30.000000  38.000000  45.000000  53.000000  61.000000  69.000000  76.000000  82.000000  84.000000  83.000000  80.000000  74.000000  67.000000  59.000000  52.000000  45.000000  37.000000 
 33.333332  40.000000  48.000000  56.000000  65.000000  74.000000  82.000000  89.000000  92.000000  91.000000  87.000000  80.000000  72.000000  63.000000  54.000000  46.000000  39.333332 
 34.333332  41.000000  49.000000  58.000000  67.000000  77.000000  86.000000  94.000000  98.000000  97.000000  91.000000  83.000000  74.000000  65.000000  56.000000  47.000000  40.333332 
 34.333332  41.000000  49.000000  58.000000  67.000000  77.000000  87.000000  96.000000  100.000000  98.000000  92.000000  83.000000  74.000000  65.000000  56.000000  48.000000  40.000000 
 33.000000  41.000000  48.000000  57.000000  65.000000  75.000000  84.000000  92.000000  96.000000  94.000000  89.000000  81.000000  72.000000  63.000000  55.000000  47.000000  39.000000 
 31.333332  38.000000  46.000000  53.000000  62.000000  70.000000  78.000000  84.000000  87.000000  86.000000  82.000000  76.000000  68.000000  60.000000  52.000000  45.000000  38.333332 
 28.000000  36.000000  42.000000  49.000000  56.000000  64.000000  70.000000  75.000000  77.000000  76.000000  73.000000  68.000000  62.000000  55.000000  48.000000  41.000000  34.333332 
 25.333332  32.000000  39.000000  44.000000  50.000000  56.000000  61.000000  65.000000  67.000000  66.000000  64.000000  60.000000  54.000000  49.000000  43.000000  37.000000  30.333332 
 22.666668  28.000000  34.000000  39.000000  44.000000  49.000000  53.000000  56.000000  57.000000  57.000000  55.000000  51.000000  47.000000  43.000000  38.000000  32.000000  26.666668 
 18.666668  22.666668  28.666668  33.666668  38.666668  42.333332  45.000000  46.666668  47.666668  47.666668  45.666668  44.333332  40.333332  36.333332  32.666668  26.666668  22.666668 
 } 


 White Balance Data with optical Center Data
 r_center_x =  571 r_center_y =  424 
 gr_center_x =  577 gr_center_y =  421 
 b_center_x =  575 b_center_y =  423 
 gb_center_x =  575 gb_center_y =  417 
 r/gr 0.479445 
 b/gr 0.645446 
 r_oc_ave 75.208885 
 b_oc_ave 101.248886 
 gr_oc_ave 156.866669 
 gb_oc_ave 156.968887 