[AF_CodeMap]
AfCodeMapCam1_0 = 752,525,450,397,367,375,349,325,335,330
AfCodeMapCam0_0 = 775,535,455,425,383,375,355,328,336,330

AfCodeMapCam1_3789 = 752,525,450,397,367,375,349,325,335,330
AfCodeMapCam0_3789 = 775,535,455,425,383,375,355,328,336,330

AfCodeMapCam1_4052 = 801,555,475,428,400,384,363,375,354,345
AfCodeMapCam0_4052 = 742,529,446,395,375,350,334,294,317,305

AfCodeMapCam1_4782 = 791,546,455,425,389,375,347,325,308,304
AfCodeMapCam0_4782 = 738,532,450,405,379,355,340,325,325,305

AfCodeMapCam1_5162 = 812,608,525,475,445,425,400,372,380,380
AfCodeMapCam0_5162 = 837,605,525,475,434,425,390,402,383,380

AfCodeMapCam1_5439 = 832,575,490,440,422,400,398,354,355,352
AfCodeMapCam0_5439 = 748,496,408,375,345,330,305,293,295,288

AfCodeMapCam1_5452 = 750,541,455,405,377,355,335,355,330,311
AfCodeMapCam0_5452 = 735,505,417,375,337,325,294,264,301,275

AfCodeMapCam1_8147 = 785,580,485,435,405,390,374,326,347,336
AfCodeMapCam0_8147 = 815,596,491,449,425,405,384,389,355,343
[AF_DistMap]
AF_DistMap = 100,200,300,400,500,600,800,1000,1200,1500


 