4
17
13
1146
971
851
761
679
610
564
529
500
481
483
505
554
627
722
831
945
1075
919
796
693
610
546
498
462
433
416
414
435
481
554
646
764
877
1030
877
747
641
556
491
443
406
379
360
356
373
420
491
581
693
807
1006
855
722
612
516
448
400
360
335
316
312
329
371
442
529
641
757
983
847
713
597
498
423
366
325
301
286
282
297
338
408
495
603
722
971
839
707
591
492
414
349
305
279
266
263
277
317
384
477
589
707
971
835
710
593
494
410
345
299
272
260
256
269
307
374
467
573
685
961
847
725
597
495
412
347
301
277
265
259
273
311
378
466
565
674
945
843
735
618
513
427
366
319
294
280
275
290
327
387
476
575
682
971
855
747
639
539
459
397
351
322
306
303
317
350
406
492
587
688
1011
882
764
659
565
494
437
392
362
344
341
354
382
435
508
597
699
1055
919
800
690
601
532
481
439
410
393
390
399
424
473
532
616
722
1124
966
843
735
646
581
537
501
470
450
445
450
473
512
562
644
735
1283
1131
1006
934
896
864
831
800
778
796
839
891
950
1011
1068
1117
1139
1220
1061
924
839
789
757
728
702
693
710
744
800
860
919
983
1042
1061
1203
1030
882
778
713
672
644
621
614
630
659
713
778
839
905
961
1000
1178
1011
855
728
644
597
571
551
549
560
591
646
710
774
839
900
945
1154
1000
843
705
603
547
519
503
495
508
537
589
661
738
800
860
905
1162
1006
843
696
583
521
490
472
459
472
504
556
632
707
774
831
877
1170
1011
855
696
575
505
476
459
448
458
492
546
616
685
747
800
847
1162
1030
882
716
589
512
481
463
459
464
497
553
618
690
744
785
835
1178
1048
910
751
621
540
505
490
485
484
521
579
632
690
747
796
831
1203
1061
915
778
672
597
556
542
526
527
560
601
644
696
754
792
819
1237
1081
940
823
732
666
625
599
583
583
603
634
672
716
754
789
815
1293
1131
994
886
807
744
699
669
651
649
661
682
702
741
771
800
831
1333
1170
1048
950
882
827
785
757
735
725
725
725
741
761
785
819
843
Gainmap data
