 LEFT LENS SHADING DATA RED Channel { 38.333332  46.333332  54.333336  61.000000  67.000000  71.666664  75.666664  79.000000  79.666664  78.666664  76.666664  72.666664  68.000000  62.000000  55.000000  47.333332  39.333332 
 43.666668  53.000000  61.000000  69.000000  75.000000  81.000000  85.000000  87.000000  89.000000  88.000000  86.000000  82.000000  76.000000  70.000000  63.000000  54.000000  44.666668 
 47.333332  58.000000  66.000000  74.000000  81.000000  87.000000  92.000000  95.000000  97.000000  96.000000  93.000000  89.000000  83.000000  76.000000  68.000000  59.000000  49.666664 
 50.333336  61.000000  70.000000  79.000000  86.000000  93.000000  98.000000  102.000000  103.000000  103.000000  100.000000  95.000000  88.000000  81.000000  72.000000  63.000000  52.333336 
 53.333336  64.000000  73.000000  82.000000  90.000000  97.000000  103.000000  106.000000  108.000000  107.000000  104.000000  99.000000  92.000000  84.000000  75.000000  66.000000  55.333336 
 54.333336  65.000000  74.000000  83.000000  92.000000  99.000000  105.000000  109.000000  111.000000  110.000000  107.000000  102.000000  94.000000  86.000000  77.000000  68.000000  56.000000 
 54.333336  65.000000  75.000000  84.000000  92.000000  100.000000  106.000000  110.000000  112.000000  111.000000  107.000000  102.000000  95.000000  86.000000  77.000000  68.000000  57.333336 
 53.333336  64.000000  73.000000  82.000000  91.000000  98.000000  104.000000  108.000000  110.000000  109.000000  106.000000  100.000000  93.000000  85.000000  76.000000  67.000000  56.333336 
 51.333336  62.000000  71.000000  80.000000  88.000000  95.000000  100.000000  104.000000  106.000000  105.000000  102.000000  97.000000  90.000000  82.000000  73.000000  64.000000  53.333336 
 48.333336  59.000000  67.000000  75.000000  83.000000  90.000000  95.000000  98.000000  100.000000  99.000000  96.000000  91.000000  85.000000  77.000000  69.000000  61.000000  50.333336 
 44.666668  54.000000  62.000000  70.000000  77.000000  83.000000  87.000000  90.000000  92.000000  91.000000  88.000000  84.000000  78.000000  72.000000  64.000000  56.000000  45.333332 
 40.000000  48.000000  57.000000  64.000000  70.000000  75.000000  79.000000  82.000000  83.000000  82.000000  80.000000  76.000000  71.000000  65.000000  58.000000  50.000000  40.666668 
 34.666668  42.666668  49.000000  56.000000  62.000000  65.666664  69.666664  71.333336  72.333336  72.666664  70.666664  66.666664  63.000000  57.000000  50.000000  43.333332  35.333332 
 } 
 GR Channel { 70.000000  83.333336  96.000000  108.000000  117.000000  125.000000  129.666672  132.333328  133.333328  132.333328  129.666672  123.666672  117.000000  107.000000  95.000000  82.333336  69.000000 
 79.333336  94.000000  108.000000  120.000000  129.000000  137.000000  143.000000  147.000000  148.000000  147.000000  143.000000  137.000000  129.000000  119.000000  107.000000  93.000000  78.333336 
 86.000000  102.000000  117.000000  129.000000  139.000000  148.000000  154.000000  159.000000  161.000000  159.000000  154.000000  147.000000  139.000000  128.000000  116.000000  102.000000  84.666664 
 91.666664  109.000000  123.000000  136.000000  147.000000  156.000000  164.000000  168.000000  170.000000  169.000000  164.000000  156.000000  146.000000  135.000000  123.000000  109.000000  90.333336 
 95.666664  113.000000  127.000000  140.000000  152.000000  162.000000  170.000000  175.000000  178.000000  176.000000  171.000000  163.000000  152.000000  140.000000  127.000000  113.000000  95.666664 
 98.000000  114.000000  129.000000  143.000000  155.000000  166.000000  174.000000  180.000000  182.000000  180.000000  175.000000  167.000000  156.000000  143.000000  130.000000  115.000000  97.666664 
 97.666664  115.000000  129.000000  143.000000  156.000000  167.000000  175.000000  181.000000  183.000000  181.000000  176.000000  167.000000  156.000000  143.000000  130.000000  116.000000  97.333336 
 97.000000  113.000000  127.000000  141.000000  154.000000  165.000000  173.000000  178.000000  181.000000  179.000000  173.000000  165.000000  154.000000  141.000000  128.000000  114.000000  96.666664 
 93.000000  109.000000  123.000000  137.000000  149.000000  159.000000  167.000000  172.000000  175.000000  173.000000  167.000000  160.000000  149.000000  137.000000  124.000000  110.000000  92.666664 
 88.000000  104.000000  118.000000  130.000000  142.000000  151.000000  159.000000  164.000000  166.000000  164.000000  159.000000  152.000000  142.000000  131.000000  119.000000  104.000000  86.666664 
 80.000000  96.000000  110.000000  122.000000  132.000000  141.000000  148.000000  152.000000  154.000000  153.000000  148.000000  141.000000  132.000000  122.000000  111.000000  96.000000  80.000000 
 72.333336  87.000000  100.000000  112.000000  121.000000  129.000000  136.000000  140.000000  141.000000  140.000000  135.000000  129.000000  122.000000  112.000000  100.000000  87.000000  72.333336 
 64.333336  76.333336  88.000000  98.666664  107.666664  115.666672  121.333328  124.000000  125.000000  124.000000  120.333328  115.666672  108.666664  98.666664  88.000000  75.000000  61.666664 
 } 
 GB Channel { 70.000000  83.333336  96.000000  108.000000  118.000000  124.666672  130.666672  133.666672  134.333328  133.333328  130.666672  126.000000  118.000000  108.000000  96.000000  83.333336  70.000000 
 79.333336  94.000000  108.000000  120.000000  130.000000  138.000000  144.000000  147.000000  149.000000  148.000000  144.000000  138.000000  130.000000  120.000000  108.000000  94.000000  78.000000 
 86.000000  102.000000  116.000000  129.000000  139.000000  148.000000  154.000000  159.000000  161.000000  160.000000  155.000000  148.000000  140.000000  129.000000  117.000000  103.000000  85.666664 
 92.000000  108.000000  123.000000  135.000000  147.000000  156.000000  163.000000  168.000000  170.000000  169.000000  165.000000  157.000000  147.000000  136.000000  123.000000  109.000000  91.666664 
 95.666664  113.000000  127.000000  140.000000  152.000000  162.000000  170.000000  175.000000  178.000000  176.000000  171.000000  164.000000  153.000000  141.000000  128.000000  113.000000  95.666664 
 98.000000  114.000000  129.000000  143.000000  155.000000  165.000000  173.000000  179.000000  182.000000  180.000000  175.000000  167.000000  156.000000  144.000000  130.000000  115.000000  97.666664 
 98.000000  114.000000  129.000000  143.000000  155.000000  166.000000  174.000000  180.000000  182.000000  181.000000  176.000000  168.000000  157.000000  144.000000  130.000000  115.000000  97.666664 
 95.666664  113.000000  127.000000  141.000000  153.000000  163.000000  171.000000  177.000000  180.000000  178.000000  173.000000  165.000000  154.000000  142.000000  128.000000  114.000000  95.333336 
 93.000000  109.000000  123.000000  136.000000  148.000000  158.000000  166.000000  171.000000  174.000000  172.000000  168.000000  160.000000  149.000000  137.000000  124.000000  110.000000  92.666664 
 86.666664  104.000000  117.000000  130.000000  141.000000  151.000000  158.000000  163.000000  165.000000  164.000000  159.000000  152.000000  142.000000  131.000000  119.000000  105.000000  86.333336 
 80.000000  96.000000  110.000000  121.000000  132.000000  141.000000  147.000000  152.000000  154.000000  152.000000  148.000000  141.000000  133.000000  122.000000  111.000000  97.000000  79.666664 
 72.333336  87.000000  100.000000  111.000000  121.000000  129.000000  135.000000  139.000000  141.000000  139.000000  136.000000  130.000000  122.000000  112.000000  101.000000  87.000000  72.333336 
 64.333336  75.000000  88.000000  99.000000  107.666664  114.333328  120.333328  124.333328  125.000000  124.333328  120.000000  115.333328  108.666664  100.000000  87.666664  76.333336  61.666664 
 } 
 B Channel { 46.000000  55.333336  63.000000  71.333336  77.000000  82.000000  84.666664  86.666664  87.666664  86.666664  85.000000  81.000000  76.000000  70.333336  62.000000  53.000000  45.000000 
 51.333336  62.000000  71.000000  78.000000  85.000000  90.000000  94.000000  96.000000  97.000000  96.000000  93.000000  89.000000  84.000000  77.000000  70.000000  61.000000  50.333336 
 56.333336  67.000000  77.000000  84.000000  91.000000  96.000000  101.000000  104.000000  104.000000  103.000000  100.000000  96.000000  90.000000  83.000000  76.000000  66.000000  55.333336 
 60.000000  72.000000  81.000000  89.000000  96.000000  102.000000  107.000000  110.000000  111.000000  110.000000  107.000000  101.000000  95.000000  88.000000  80.000000  71.000000  59.000000 
 63.000000  75.000000  84.000000  92.000000  100.000000  106.000000  112.000000  115.000000  116.000000  115.000000  111.000000  106.000000  99.000000  91.000000  83.000000  74.000000  62.000000 
 65.333336  76.000000  85.000000  94.000000  102.000000  109.000000  114.000000  118.000000  119.000000  118.000000  114.000000  108.000000  101.000000  93.000000  84.000000  75.000000  64.333336 
 65.333336  76.000000  85.000000  94.000000  102.000000  109.000000  115.000000  118.000000  120.000000  118.000000  114.000000  108.000000  101.000000  93.000000  84.000000  75.000000  64.333336 
 63.333336  74.000000  84.000000  92.000000  100.000000  107.000000  113.000000  116.000000  118.000000  116.000000  113.000000  107.000000  100.000000  92.000000  83.000000  74.000000  63.333336 
 61.333336  72.000000  81.000000  89.000000  97.000000  104.000000  109.000000  112.000000  113.000000  112.000000  109.000000  103.000000  96.000000  89.000000  81.000000  72.000000  60.000000 
 57.333336  68.000000  77.000000  85.000000  92.000000  98.000000  103.000000  106.000000  107.000000  106.000000  103.000000  98.000000  92.000000  84.000000  77.000000  68.000000  56.000000 
 52.333336  63.000000  72.000000  79.000000  86.000000  92.000000  96.000000  99.000000  100.000000  99.000000  96.000000  91.000000  85.000000  79.000000  72.000000  63.000000  52.333336 
 47.666668  57.000000  66.000000  73.000000  79.000000  84.000000  88.000000  91.000000  92.000000  91.000000  88.000000  84.000000  79.000000  73.000000  65.000000  56.000000  46.666668 
 42.333332  49.000000  56.666664  63.666664  69.666664  74.666664  78.666664  80.333336  80.000000  80.333336  77.333336  74.666664  69.666664  63.666664  57.000000  49.333336  40.000000 
 } 


 White Balance Data with optical Center Data
 r_center_x =  1270 r_center_y =  927 
 gr_center_x =  1267 gr_center_y =  936 
 b_center_x =  1266 b_center_y =  935 
 gb_center_x =  1258 gb_center_y =  914 
 r/gr 0.612207 
 b/gr 0.653376 
 r_oc_ave 113.146667 
 b_oc_ave 120.755554 
 gr_oc_ave 184.817780 
 gb_oc_ave 183.822220 