 LEFT LENS SHADING DATA RED Channel { 19.000000  23.000000  26.666668  30.666668  34.333332  37.333332  38.666668  40.666668  41.666668  40.666668  40.000000  37.000000  34.333332  30.333332  26.666668  22.666668  18.666668 
 23.000000  27.000000  32.000000  36.000000  41.000000  44.000000  48.000000  50.000000  51.000000  50.000000  48.000000  45.000000  41.000000  37.000000  32.000000  28.000000  22.666668 
 25.666668  31.000000  36.000000  41.000000  46.000000  51.000000  56.000000  59.000000  60.000000  59.000000  56.000000  52.000000  47.000000  42.000000  37.000000  31.000000  25.666668 
 28.666668  34.000000  40.000000  46.000000  51.000000  58.000000  64.000000  68.000000  70.000000  68.000000  64.000000  58.000000  52.000000  46.000000  41.000000  34.000000  28.666668 
 30.333332  37.000000  43.000000  49.000000  56.000000  64.000000  72.000000  77.000000  79.000000  77.000000  72.000000  65.000000  57.000000  50.000000  44.000000  37.000000  30.333332 
 32.333332  39.000000  45.000000  52.000000  60.000000  69.000000  78.000000  84.000000  86.000000  84.000000  78.000000  70.000000  61.000000  53.000000  46.000000  39.000000  32.333332 
 32.333332  39.000000  46.000000  54.000000  62.000000  71.000000  80.000000  87.000000  89.000000  87.000000  81.000000  72.000000  63.000000  54.000000  47.000000  40.000000  32.000000 
 32.333332  39.000000  46.000000  53.000000  62.000000  70.000000  79.000000  85.000000  88.000000  86.000000  79.000000  71.000000  62.000000  54.000000  47.000000  40.000000  32.000000 
 31.333332  38.000000  44.000000  51.000000  59.000000  67.000000  74.000000  80.000000  82.000000  80.000000  73.000000  67.000000  60.000000  52.000000  45.000000  38.000000  31.333332 
 29.333332  36.000000  42.000000  48.000000  55.000000  61.000000  67.000000  72.000000  73.000000  72.000000  68.000000  62.000000  55.000000  49.000000  43.000000  36.000000  29.333332 
 27.666668  33.000000  39.000000  45.000000  50.000000  55.000000  60.000000  63.000000  64.000000  63.000000  60.000000  56.000000  50.000000  45.000000  39.000000  33.000000  27.666668 
 24.666668  30.000000  35.000000  40.000000  45.000000  49.000000  53.000000  55.000000  56.000000  55.000000  53.000000  50.000000  45.000000  41.000000  35.000000  30.000000  24.666668 
 20.666668  26.000000  31.000000  34.666668  39.666668  42.333332  45.000000  47.000000  48.000000  47.000000  46.333332  43.333332  39.666668  35.666668  31.000000  26.000000  22.000000 
 } 
 GR Channel { 46.000000  52.666664  60.000000  69.000000  75.666664  81.333336  86.333336  88.000000  88.666664  88.000000  85.333336  80.333336  74.666664  68.000000  60.666664  53.000000  45.000000 
 52.666664  62.000000  72.000000  81.000000  89.000000  96.000000  101.000000  104.000000  106.000000  104.000000  100.000000  95.000000  88.000000  80.000000  70.000000  61.000000  51.666664 
 58.000000  70.000000  80.000000  90.000000  99.000000  107.000000  115.000000  119.000000  121.000000  119.000000  114.000000  106.000000  98.000000  89.000000  79.000000  68.000000  57.333336 
 64.000000  76.000000  88.000000  98.000000  109.000000  119.000000  128.000000  135.000000  137.000000  134.000000  127.000000  118.000000  107.000000  97.000000  86.000000  74.000000  63.333336 
 68.666664  82.000000  94.000000  106.000000  118.000000  130.000000  141.000000  149.000000  152.000000  149.000000  140.000000  129.000000  116.000000  103.000000  92.000000  79.000000  67.000000 
 71.666664  85.000000  98.000000  111.000000  124.000000  138.000000  151.000000  161.000000  164.000000  161.000000  150.000000  137.000000  122.000000  108.000000  95.000000  83.000000  69.666664 
 73.666664  87.000000  100.000000  113.000000  128.000000  142.000000  156.000000  166.000000  169.000000  166.000000  155.000000  141.000000  126.000000  111.000000  97.000000  84.000000  70.666664 
 72.333336  87.000000  99.000000  112.000000  127.000000  141.000000  154.000000  163.000000  167.000000  163.000000  153.000000  139.000000  125.000000  110.000000  97.000000  84.000000  70.666664 
 70.666664  84.000000  97.000000  109.000000  122.000000  135.000000  146.000000  154.000000  157.000000  154.000000  143.000000  132.000000  121.000000  107.000000  94.000000  82.000000  68.666664 
 66.666664  80.000000  92.000000  104.000000  115.000000  126.000000  135.000000  142.000000  144.000000  142.000000  134.000000  125.000000  114.000000  102.000000  90.000000  78.000000  66.000000 
 62.000000  74.000000  85.000000  97.000000  106.000000  115.000000  123.000000  128.000000  130.000000  128.000000  122.000000  114.000000  105.000000  95.000000  84.000000  72.000000  61.333336 
 56.333336  67.000000  77.000000  88.000000  97.000000  104.000000  110.000000  114.000000  115.000000  114.000000  110.000000  104.000000  96.000000  86.000000  76.000000  66.000000  56.666664 
 49.666664  60.333336  69.000000  77.333336  85.000000  92.000000  98.000000  100.666664  101.666664  100.666664  98.000000  92.000000  85.333336  76.666664  68.000000  59.333336  51.333336 
 } 
 GB Channel { 45.666668  53.666664  62.333336  69.666664  77.666664  83.333336  88.000000  90.666664  91.666664  91.000000  88.333336  83.666664  76.666664  68.666664  61.333336  54.000000  44.666668 
 53.666664  63.000000  73.000000  83.000000  91.000000  98.000000  104.000000  108.000000  109.000000  107.000000  103.000000  97.000000  90.000000  82.000000  72.000000  62.000000  52.666664 
 59.000000  71.000000  82.000000  92.000000  101.000000  110.000000  118.000000  123.000000  124.000000  122.000000  117.000000  109.000000  100.000000  91.000000  80.000000  69.000000  58.333336 
 64.666664  78.000000  90.000000  100.000000  111.000000  122.000000  131.000000  138.000000  140.000000  137.000000  130.000000  120.000000  109.000000  98.000000  88.000000  75.000000  63.000000 
 68.333336  83.000000  95.000000  107.000000  120.000000  132.000000  144.000000  152.000000  155.000000  152.000000  143.000000  131.000000  118.000000  105.000000  93.000000  80.000000  68.000000 
 71.333336  86.000000  99.000000  112.000000  126.000000  140.000000  153.000000  163.000000  166.000000  163.000000  152.000000  138.000000  124.000000  109.000000  96.000000  84.000000  69.333336 
 73.333336  88.000000  101.000000  114.000000  128.000000  143.000000  157.000000  167.000000  171.000000  167.000000  156.000000  141.000000  126.000000  111.000000  98.000000  85.000000  71.666664 
 72.333336  87.000000  100.000000  113.000000  127.000000  141.000000  154.000000  164.000000  168.000000  164.000000  153.000000  139.000000  125.000000  111.000000  97.000000  85.000000  70.333336 
 70.666664  84.000000  97.000000  109.000000  122.000000  135.000000  146.000000  155.000000  158.000000  154.000000  143.000000  132.000000  120.000000  107.000000  95.000000  82.000000  68.666664 
 66.666664  80.000000  92.000000  104.000000  115.000000  126.000000  135.000000  142.000000  144.000000  141.000000  134.000000  124.000000  113.000000  102.000000  90.000000  78.000000  64.666664 
 62.000000  74.000000  85.000000  97.000000  106.000000  115.000000  122.000000  127.000000  129.000000  127.000000  121.000000  114.000000  105.000000  95.000000  84.000000  72.000000  61.333336 
 56.333336  67.000000  77.000000  87.000000  96.000000  104.000000  110.000000  113.000000  114.000000  113.000000  109.000000  103.000000  95.000000  86.000000  76.000000  66.000000  56.666664 
 48.333336  59.000000  67.666664  76.333336  84.000000  90.666664  96.666664  99.666664  100.666664  99.666664  95.666664  91.000000  84.333336  75.333336  66.666664  59.333336  50.000000 
 } 
 B Channel { 30.666668  33.333332  39.000000  45.000000  50.000000  53.666664  56.333336  58.000000  59.000000  58.000000  57.333336  53.333336  49.666664  44.666668  40.000000  35.333332  28.666668 
 33.333332  40.000000  47.000000  53.000000  58.000000  63.000000  67.000000  70.000000  71.000000  70.000000  68.000000  64.000000  59.000000  54.000000  48.000000  42.000000  34.000000 
 37.000000  45.000000  52.000000  59.000000  65.000000  70.000000  75.000000  79.000000  80.000000  79.000000  76.000000  72.000000  66.000000  60.000000  53.000000  46.000000  38.000000 
 41.000000  49.000000  57.000000  64.000000  71.000000  78.000000  84.000000  88.000000  90.000000  89.000000  85.000000  79.000000  72.000000  65.000000  58.000000  50.000000  40.666668 
 43.666668  53.000000  61.000000  69.000000  76.000000  84.000000  92.000000  97.000000  99.000000  98.000000  92.000000  85.000000  78.000000  70.000000  62.000000  54.000000  43.333332 
 44.333332  55.000000  63.000000  71.000000  80.000000  89.000000  97.000000  104.000000  106.000000  105.000000  98.000000  90.000000  81.000000  73.000000  64.000000  56.000000  45.333332 
 45.333332  56.000000  64.000000  73.000000  82.000000  91.000000  100.000000  106.000000  109.000000  107.000000  101.000000  92.000000  83.000000  74.000000  65.000000  57.000000  45.000000 
 45.333332  56.000000  64.000000  72.000000  81.000000  90.000000  99.000000  105.000000  107.000000  106.000000  99.000000  91.000000  82.000000  73.000000  65.000000  56.000000  45.333332 
 44.666668  54.000000  62.000000  70.000000  78.000000  86.000000  94.000000  99.000000  102.000000  100.000000  93.000000  86.000000  80.000000  71.000000  63.000000  55.000000  44.333332 
 41.666668  51.000000  59.000000  67.000000  74.000000  81.000000  87.000000  91.000000  93.000000  92.000000  88.000000  82.000000  75.000000  68.000000  60.000000  52.000000  42.666668 
 39.000000  47.000000  55.000000  62.000000  68.000000  74.000000  79.000000  83.000000  84.000000  83.000000  80.000000  75.000000  69.000000  63.000000  56.000000  48.000000  40.000000 
 35.000000  43.000000  50.000000  56.000000  62.000000  67.000000  71.000000  74.000000  75.000000  74.000000  72.000000  68.000000  63.000000  57.000000  50.000000  44.000000  36.000000 
 31.000000  37.666668  43.333332  49.333336  54.000000  59.000000  61.666664  63.333336  64.333336  64.666664  62.666664  58.666664  53.666664  49.000000  43.333332  38.666668  32.000000 
 } 


 White Balance Data with optical Center Data
 r_center_x =  1163 r_center_y =  889 
 gr_center_x =  1161 gr_center_y =  879 
 b_center_x =  1150 b_center_y =  884 
 gb_center_x =  1178 gb_center_y =  877 
 r/gr 0.529089 
 b/gr 0.648073 
 r_oc_ave 90.297775 
 b_oc_ave 110.604446 
 gr_oc_ave 170.666672 
 gb_oc_ave 172.213333 