 LEFT LENS SHADING DATA RED Channel { 30.666668  38.666668  45.333332  52.000000  58.333336  66.000000  71.666664  75.333336  76.333336  74.333336  70.666664  64.000000  57.333336  49.666664  44.666668  37.666668  29.666668 
 36.000000  44.000000  52.000000  60.000000  69.000000  78.000000  85.000000  90.000000  91.000000  89.000000  84.000000  76.000000  68.000000  59.000000  50.000000  43.000000  35.000000 
 40.000000  48.000000  58.000000  68.000000  78.000000  88.000000  97.000000  104.000000  106.000000  103.000000  96.000000  87.000000  76.000000  66.000000  56.000000  47.000000  37.666668 
 42.666668  52.000000  63.000000  74.000000  86.000000  98.000000  110.000000  119.000000  121.000000  117.000000  108.000000  96.000000  84.000000  72.000000  61.000000  51.000000  40.333332 
 44.333332  55.000000  66.000000  79.000000  92.000000  106.000000  120.000000  130.000000  134.000000  129.000000  118.000000  104.000000  90.000000  77.000000  64.000000  53.000000  43.666668 
 45.333332  56.000000  68.000000  81.000000  95.000000  110.000000  125.000000  136.000000  139.000000  135.000000  124.000000  108.000000  93.000000  79.000000  66.000000  55.000000  44.333332 
 45.333332  56.000000  67.000000  80.000000  94.000000  109.000000  124.000000  134.000000  137.000000  133.000000  122.000000  107.000000  92.000000  78.000000  66.000000  54.000000  43.333332 
 44.666668  54.000000  65.000000  77.000000  90.000000  103.000000  116.000000  125.000000  128.000000  124.000000  114.000000  101.000000  87.000000  75.000000  63.000000  53.000000  42.333332 
 41.666668  51.000000  61.000000  72.000000  83.000000  94.000000  104.000000  112.000000  114.000000  111.000000  102.000000  91.000000  80.000000  69.000000  59.000000  50.000000  40.666668 
 39.000000  47.000000  55.000000  65.000000  74.000000  83.000000  91.000000  97.000000  99.000000  96.000000  90.000000  81.000000  72.000000  63.000000  54.000000  46.000000  38.000000 
 35.000000  43.000000  50.000000  57.000000  65.000000  73.000000  79.000000  83.000000  84.000000  82.000000  77.000000  71.000000  64.000000  56.000000  48.000000  42.000000  32.666668 
 29.000000  37.000000  44.000000  50.000000  57.000000  62.000000  67.000000  70.000000  71.000000  69.000000  66.000000  61.000000  55.000000  49.000000  43.000000  36.000000  28.000000 
 19.666668  30.333332  37.333332  43.333332  47.666668  52.666664  56.333336  58.000000  59.000000  57.000000  55.333336  50.333336  47.000000  42.333332  36.333332  30.666668  20.000000 
 } 
 GR Channel { 59.333336  74.000000  85.333336  96.666664  107.666664  119.333328  127.333328  133.000000  133.666672  131.000000  125.666672  116.333328  105.000000  92.666664  82.333336  70.666664  57.333336 
 68.666664  82.000000  96.000000  110.000000  125.000000  138.000000  150.000000  157.000000  159.000000  155.000000  147.000000  135.000000  121.000000  106.000000  93.000000  80.000000  66.666664 
 75.333336  90.000000  105.000000  122.000000  140.000000  157.000000  171.000000  181.000000  183.000000  179.000000  168.000000  153.000000  136.000000  118.000000  101.000000  87.000000  72.333336 
 80.000000  96.000000  113.000000  133.000000  153.000000  174.000000  192.000000  205.000000  208.000000  202.000000  188.000000  169.000000  149.000000  128.000000  109.000000  92.000000  77.333336 
 82.666664  100.000000  119.000000  141.000000  163.000000  186.000000  208.000000  224.000000  228.000000  221.000000  204.000000  182.000000  158.000000  135.000000  114.000000  96.000000  80.000000 
 83.333336  102.000000  122.000000  144.000000  168.000000  193.000000  217.000000  232.000000  236.000000  230.000000  213.000000  189.000000  163.000000  139.000000  117.000000  98.000000  82.000000 
 83.666664  101.000000  121.000000  143.000000  167.000000  192.000000  215.000000  231.000000  234.000000  228.000000  211.000000  187.000000  162.000000  138.000000  116.000000  97.000000  81.000000 
 82.000000  98.000000  117.000000  138.000000  160.000000  183.000000  203.000000  218.000000  222.000000  215.000000  199.000000  177.000000  155.000000  133.000000  112.000000  94.000000  79.333336 
 78.333336  93.000000  109.000000  129.000000  149.000000  168.000000  184.000000  196.000000  199.000000  193.000000  180.000000  163.000000  143.000000  124.000000  105.000000  89.000000  75.666664 
 72.333336  87.000000  101.000000  117.000000  134.000000  150.000000  163.000000  172.000000  174.000000  170.000000  159.000000  145.000000  129.000000  113.000000  97.000000  84.000000  70.666664 
 64.333336  79.000000  91.000000  105.000000  119.000000  132.000000  142.000000  148.000000  150.000000  146.000000  139.000000  127.000000  114.000000  101.000000  88.000000  76.000000  62.666664 
 54.333336  69.000000  82.000000  92.000000  103.000000  113.000000  121.000000  126.000000  127.000000  124.000000  118.000000  109.000000  99.000000  89.000000  79.000000  67.000000  53.666664 
 38.333332  57.000000  70.000000  80.000000  88.333336  95.666664  101.000000  104.666664  105.666664  102.666664  99.333336  91.666664  84.333336  77.000000  68.333336  56.333336  39.000000 
 } 
 GB Channel { 58.000000  72.666664  84.333336  95.666664  106.666664  118.333328  127.666672  133.333328  134.000000  131.000000  124.666672  115.333328  103.666664  92.666664  81.333336  71.000000  56.333336 
 67.333336  82.000000  95.000000  109.000000  124.000000  137.000000  149.000000  156.000000  158.000000  155.000000  146.000000  134.000000  121.000000  106.000000  92.000000  79.000000  65.666664 
 73.000000  89.000000  104.000000  121.000000  139.000000  156.000000  170.000000  180.000000  183.000000  178.000000  167.000000  152.000000  135.000000  117.000000  100.000000  86.000000  71.333336 
 78.000000  94.000000  112.000000  131.000000  151.000000  172.000000  190.000000  203.000000  207.000000  200.000000  187.000000  168.000000  147.000000  127.000000  108.000000  91.000000  76.333336 
 80.666664  98.000000  117.000000  139.000000  161.000000  184.000000  206.000000  222.000000  226.000000  219.000000  202.000000  180.000000  157.000000  134.000000  113.000000  95.000000  79.000000 
 82.666664  100.000000  120.000000  143.000000  166.000000  191.000000  214.000000  231.000000  235.000000  229.000000  211.000000  187.000000  161.000000  138.000000  116.000000  97.000000  81.000000 
 82.666664  100.000000  120.000000  142.000000  165.000000  189.000000  213.000000  229.000000  233.000000  226.000000  209.000000  185.000000  160.000000  137.000000  115.000000  96.000000  80.000000 
 79.666664  97.000000  116.000000  137.000000  159.000000  181.000000  201.000000  216.000000  220.000000  214.000000  197.000000  176.000000  153.000000  132.000000  111.000000  94.000000  78.000000 
 77.333336  92.000000  109.000000  128.000000  148.000000  167.000000  183.000000  195.000000  198.000000  193.000000  179.000000  162.000000  142.000000  123.000000  105.000000  89.000000  74.333336 
 71.333336  86.000000  100.000000  117.000000  134.000000  150.000000  162.000000  171.000000  174.000000  169.000000  159.000000  145.000000  129.000000  112.000000  96.000000  83.000000  69.666664 
 63.333336  78.000000  91.000000  104.000000  118.000000  131.000000  141.000000  148.000000  150.000000  146.000000  138.000000  127.000000  114.000000  100.000000  88.000000  76.000000  62.666664 
 53.000000  69.000000  81.000000  92.000000  103.000000  113.000000  121.000000  126.000000  127.000000  124.000000  118.000000  109.000000  99.000000  89.000000  78.000000  67.000000  52.333336 
 37.000000  57.000000  70.333336  80.000000  88.333336  95.666664  101.000000  104.666664  105.666664  102.666664  99.333336  91.666664  84.333336  77.000000  67.333336  56.333336  39.000000 
 } 
 B Channel { 43.333332  54.000000  63.000000  71.333336  81.000000  89.333336  96.000000  99.333336  100.333336  98.666664  94.000000  87.666664  79.000000  69.333336  61.000000  53.333336  41.333332 
 50.000000  62.000000  71.000000  82.000000  93.000000  104.000000  112.000000  118.000000  119.000000  116.000000  110.000000  101.000000  91.000000  80.000000  69.000000  60.000000  49.333336 
 55.000000  67.000000  78.000000  91.000000  105.000000  117.000000  128.000000  135.000000  137.000000  133.000000  125.000000  114.000000  102.000000  88.000000  76.000000  65.000000  54.333336 
 58.666664  72.000000  85.000000  99.000000  114.000000  129.000000  142.000000  152.000000  154.000000  150.000000  139.000000  126.000000  111.000000  96.000000  82.000000  69.000000  57.000000 
 61.666664  75.000000  89.000000  105.000000  121.000000  138.000000  154.000000  166.000000  169.000000  163.000000  151.000000  135.000000  118.000000  102.000000  86.000000  72.000000  60.000000 
 62.666664  76.000000  91.000000  108.000000  125.000000  143.000000  160.000000  172.000000  176.000000  170.000000  157.000000  140.000000  122.000000  104.000000  88.000000  73.000000  61.000000 
 61.333336  76.000000  90.000000  107.000000  124.000000  142.000000  159.000000  171.000000  174.000000  169.000000  156.000000  139.000000  121.000000  103.000000  87.000000  73.000000  59.666664 
 61.000000  73.000000  87.000000  103.000000  119.000000  136.000000  150.000000  161.000000  164.000000  159.000000  147.000000  131.000000  115.000000  99.000000  84.000000  70.000000  59.333336 
 58.333336  69.000000  82.000000  96.000000  111.000000  125.000000  137.000000  146.000000  148.000000  144.000000  134.000000  121.000000  107.000000  93.000000  79.000000  67.000000  56.333336 
 54.333336  65.000000  75.000000  88.000000  100.000000  112.000000  122.000000  128.000000  130.000000  127.000000  119.000000  108.000000  97.000000  84.000000  72.000000  62.000000  52.666664 
 48.333336  59.000000  68.000000  78.000000  89.000000  99.000000  106.000000  111.000000  112.000000  110.000000  104.000000  95.000000  86.000000  75.000000  66.000000  57.000000  46.333332 
 40.000000  52.000000  61.000000  69.000000  77.000000  85.000000  91.000000  95.000000  95.000000  93.000000  89.000000  82.000000  74.000000  66.000000  58.000000  50.000000  39.333332 
 28.000000  42.666668  51.666664  59.666664  66.333336  71.666664  75.000000  77.666664  79.000000  77.000000  73.000000  68.666664  63.333336  58.000000  50.000000  40.666668  28.666668 
 } 


 White Balance Data with optical Center Data
 r_center_x =  1037 r_center_y =  678 
 gr_center_x =  1024 gr_center_y =  680 
 b_center_x =  1056 b_center_y =  688 
 gb_center_x =  1057 gb_center_y =  694 
 r/gr 0.591955 
 b/gr 0.747221 
 r_oc_ave 140.808884 
 b_oc_ave 177.742218 
 gr_oc_ave 237.871109 
 gb_oc_ave 237.213333 