 LEFT LENS SHADING DATA RED Channel { 18.666668  21.333332  25.333332  29.333332  32.000000  34.666668  36.666668  38.666668  38.333332  38.666668  36.666668  34.666668  32.000000  28.000000  25.333332  21.333332  18.666668 
 21.333332  24.000000  28.000000  32.000000  36.000000  40.000000  42.000000  44.000000  45.000000  44.000000  42.000000  40.000000  36.000000  32.000000  28.000000  24.000000  20.000000 
 23.000000  27.000000  32.000000  36.000000  41.000000  45.000000  49.000000  51.000000  52.000000  51.000000  49.000000  45.000000  41.000000  36.000000  31.000000  27.000000  23.000000 
 25.000000  29.000000  34.000000  40.000000  45.000000  50.000000  55.000000  58.000000  60.000000  58.000000  55.000000  50.000000  45.000000  40.000000  34.000000  29.000000  25.000000 
 25.666668  31.000000  37.000000  42.000000  48.000000  55.000000  61.000000  66.000000  67.000000  65.000000  61.000000  55.000000  48.000000  42.000000  37.000000  31.000000  25.666668 
 26.666668  32.000000  38.000000  44.000000  51.000000  58.000000  66.000000  71.000000  72.000000  70.000000  65.000000  58.000000  51.000000  44.000000  38.000000  32.000000  26.666668 
 27.666668  33.000000  39.000000  45.000000  52.000000  60.000000  67.000000  72.000000  74.000000  72.000000  67.000000  59.000000  52.000000  45.000000  39.000000  33.000000  27.666668 
 27.666668  33.000000  38.000000  44.000000  51.000000  59.000000  66.000000  71.000000  72.000000  70.000000  65.000000  58.000000  51.000000  44.000000  38.000000  33.000000  26.333332 
 26.666668  32.000000  37.000000  43.000000  49.000000  55.000000  61.000000  65.000000  67.000000  65.000000  61.000000  55.000000  49.000000  43.000000  37.000000  31.000000  25.666668 
 24.666668  30.000000  35.000000  40.000000  46.000000  51.000000  55.000000  58.000000  59.000000  58.000000  55.000000  50.000000  45.000000  40.000000  35.000000  30.000000  24.666668 
 23.000000  27.000000  32.000000  37.000000  41.000000  46.000000  49.000000  51.000000  52.000000  51.000000  49.000000  45.000000  41.000000  37.000000  32.000000  27.000000  23.000000 
 21.000000  25.000000  29.000000  33.000000  37.000000  40.000000  43.000000  45.000000  45.000000  45.000000  43.000000  40.000000  37.000000  33.000000  29.000000  25.000000  21.000000 
 18.333332  22.333332  25.000000  29.000000  31.666668  34.666668  37.666668  38.333332  39.666668  38.333332  37.666668  34.666668  31.666668  29.000000  25.000000  22.333332  18.333332 
 } 
 GR Channel { 36.000000  42.666668  49.666664  55.000000  62.000000  67.000000  70.666664  73.666664  73.333336  72.333336  70.666664  65.666664  61.000000  55.333336  48.666664  41.666668  35.000000 
 40.000000  48.000000  55.000000  63.000000  70.000000  75.000000  80.000000  83.000000  84.000000  83.000000  80.000000  75.000000  69.000000  62.000000  54.000000  47.000000  39.000000 
 45.333332  52.000000  61.000000  69.000000  77.000000  84.000000  90.000000  94.000000  95.000000  94.000000  90.000000  84.000000  77.000000  68.000000  60.000000  51.000000  43.000000 
 47.666668  57.000000  66.000000  75.000000  84.000000  93.000000  100.000000  105.000000  107.000000  105.000000  100.000000  92.000000  84.000000  74.000000  65.000000  56.000000  46.666668 
 50.666664  60.000000  70.000000  80.000000  90.000000  100.000000  110.000000  117.000000  119.000000  116.000000  109.000000  99.000000  89.000000  79.000000  69.000000  59.000000  48.333336 
 52.666664  62.000000  72.000000  83.000000  93.000000  105.000000  117.000000  125.000000  127.000000  124.000000  116.000000  104.000000  93.000000  82.000000  71.000000  61.000000  50.333336 
 53.666664  63.000000  73.000000  84.000000  95.000000  107.000000  119.000000  127.000000  129.000000  127.000000  118.000000  106.000000  94.000000  83.000000  72.000000  62.000000  51.333336 
 52.666664  62.000000  73.000000  83.000000  94.000000  105.000000  117.000000  124.000000  127.000000  124.000000  115.000000  104.000000  93.000000  82.000000  71.000000  61.000000  51.666664 
 52.000000  60.000000  70.000000  80.000000  90.000000  100.000000  110.000000  116.000000  118.000000  116.000000  109.000000  99.000000  89.000000  79.000000  69.000000  59.000000  49.666664 
 49.000000  57.000000  67.000000  76.000000  85.000000  93.000000  100.000000  105.000000  106.000000  104.000000  99.000000  92.000000  84.000000  75.000000  66.000000  56.000000  46.666668 
 45.000000  53.000000  62.000000  70.000000  78.000000  85.000000  90.000000  93.000000  94.000000  93.000000  90.000000  84.000000  77.000000  69.000000  61.000000  52.000000  44.000000 
 41.333332  48.000000  56.000000  63.000000  70.000000  76.000000  80.000000  83.000000  84.000000  83.000000  80.000000  76.000000  70.000000  63.000000  55.000000  47.000000  40.333332 
 36.000000  42.666668  49.333336  55.000000  62.000000  66.666664  70.666664  72.333336  73.333336  72.333336  70.666664  66.666664  60.666664  55.000000  48.333336  41.666668  35.000000 
 } 
 GB Channel { 36.000000  42.666668  49.666664  55.000000  61.000000  65.666664  69.666664  72.666664  72.333336  72.666664  69.666664  66.000000  61.000000  54.000000  48.666664  41.666668  35.000000 
 40.000000  48.000000  55.000000  63.000000  69.000000  75.000000  79.000000  82.000000  83.000000  82.000000  79.000000  74.000000  69.000000  62.000000  54.000000  47.000000  39.000000 
 45.000000  53.000000  61.000000  69.000000  77.000000  84.000000  89.000000  93.000000  94.000000  93.000000  89.000000  83.000000  77.000000  69.000000  60.000000  52.000000  44.000000 
 47.666668  57.000000  66.000000  75.000000  84.000000  92.000000  99.000000  104.000000  106.000000  105.000000  99.000000  92.000000  84.000000  75.000000  65.000000  56.000000  46.666668 
 50.666664  60.000000  70.000000  80.000000  90.000000  100.000000  109.000000  116.000000  119.000000  116.000000  109.000000  99.000000  89.000000  80.000000  69.000000  59.000000  49.666664 
 52.333336  63.000000  73.000000  83.000000  94.000000  105.000000  117.000000  125.000000  127.000000  124.000000  116.000000  105.000000  93.000000  82.000000  72.000000  62.000000  51.333336 
 53.666664  63.000000  74.000000  84.000000  95.000000  108.000000  120.000000  128.000000  130.000000  127.000000  119.000000  107.000000  95.000000  84.000000  73.000000  63.000000  52.333336 
 53.666664  63.000000  73.000000  84.000000  94.000000  106.000000  117.000000  125.000000  127.000000  124.000000  116.000000  105.000000  94.000000  83.000000  72.000000  62.000000  51.333336 
 51.666664  61.000000  71.000000  81.000000  91.000000  101.000000  110.000000  117.000000  119.000000  116.000000  109.000000  100.000000  90.000000  80.000000  70.000000  60.000000  50.666664 
 48.666664  58.000000  67.000000  76.000000  85.000000  93.000000  100.000000  105.000000  106.000000  105.000000  99.000000  92.000000  84.000000  75.000000  66.000000  57.000000  47.666668 
 45.000000  53.000000  62.000000  70.000000  78.000000  85.000000  90.000000  93.000000  94.000000  93.000000  89.000000  84.000000  77.000000  70.000000  61.000000  52.000000  44.000000 
 41.333332  48.000000  56.000000  63.000000  70.000000  76.000000  80.000000  83.000000  83.000000  82.000000  80.000000  75.000000  70.000000  63.000000  55.000000  48.000000  40.000000 
 36.000000  42.666668  49.333336  55.000000  60.666664  66.666664  69.333336  72.333336  73.666664  72.666664  69.333336  65.666664  60.666664  55.000000  48.333336  41.333332  34.666668 
 } 
 B Channel { 26.000000  30.000000  35.000000  40.000000  43.666668  47.666668  49.333336  51.333336  52.333336  51.333336  49.333336  46.666668  42.666668  39.000000  34.000000  29.000000  25.000000 
 28.666668  34.000000  39.000000  44.000000  49.000000  53.000000  56.000000  58.000000  59.000000  58.000000  56.000000  52.000000  48.000000  43.000000  38.000000  33.000000  27.666668 
 31.666668  37.000000  43.000000  49.000000  54.000000  59.000000  63.000000  66.000000  66.000000  65.000000  63.000000  59.000000  53.000000  48.000000  42.000000  36.000000  30.666668 
 33.333332  40.000000  46.000000  53.000000  59.000000  65.000000  70.000000  74.000000  75.000000  73.000000  70.000000  64.000000  58.000000  52.000000  45.000000  39.000000  32.333332 
 35.333332  42.000000  49.000000  56.000000  63.000000  70.000000  77.000000  82.000000  83.000000  81.000000  76.000000  69.000000  62.000000  55.000000  48.000000  41.000000  34.333332 
 37.333332  44.000000  51.000000  58.000000  66.000000  74.000000  82.000000  88.000000  89.000000  87.000000  81.000000  73.000000  65.000000  57.000000  50.000000  43.000000  35.000000 
 37.333332  44.000000  51.000000  59.000000  67.000000  75.000000  84.000000  89.000000  91.000000  89.000000  83.000000  74.000000  66.000000  58.000000  51.000000  43.000000  36.333332 
 37.333332  44.000000  51.000000  58.000000  66.000000  74.000000  82.000000  87.000000  89.000000  87.000000  81.000000  73.000000  65.000000  57.000000  50.000000  43.000000  36.333332 
 36.333332  43.000000  50.000000  57.000000  63.000000  70.000000  77.000000  81.000000  83.000000  81.000000  76.000000  69.000000  62.000000  55.000000  49.000000  42.000000  34.000000 
 34.666668  40.000000  47.000000  54.000000  60.000000  65.000000  70.000000  73.000000  74.000000  73.000000  69.000000  64.000000  58.000000  52.000000  46.000000  39.000000  32.333332 
 31.666668  37.000000  43.000000  49.000000  55.000000  59.000000  63.000000  65.000000  66.000000  65.000000  62.000000  59.000000  54.000000  48.000000  43.000000  36.000000  30.666668 
 28.666668  34.000000  39.000000  44.000000  49.000000  53.000000  56.000000  58.000000  58.000000  58.000000  56.000000  53.000000  49.000000  44.000000  39.000000  33.000000  27.666668 
 24.666668  30.000000  33.666668  38.666668  42.333332  46.333332  49.333336  50.000000  51.333336  50.000000  49.333336  46.333332  42.333332  38.666668  33.666668  29.000000  25.000000 
 } 


 White Balance Data with optical Center Data
 r_center_x =  979 r_center_y =  750 
 gr_center_x =  1009 gr_center_y =  738 
 b_center_x =  1002 b_center_y =  767 
 gb_center_x =  1008 gb_center_y =  774 
 r/gr 0.570526 
 b/gr 0.701543 
 r_oc_ave 74.279999 
 b_oc_ave 91.337776 
 gr_oc_ave 130.195557 
 gb_oc_ave 130.475555 